Y = [0.10 0.24]';
W1 = [0.01:0.05:0.16;...
           0.02:0.05:0.17;...
           0.03:0.05:0.18;...
           0.04:0.05:0.19;...
           0.05:0.05:0.20];
A0 = [4 3 2 1]';
Z1 = W1*A0;
A1 = 1./(1.+exp(-Z1));
W2 = [0.21:0.01:0.25;...
           0.16:0.01:0.20;...
           0.11:0.01:0.15;...
           0.06:0.01:0.10;...
           0.01:0.01:0.05];
Z2 = W2*A1;
A2 = 1./(1.+exp(-Z2));
W3 =  [0.16:0.01:0.20;...
           0.21:0.01:0.25];
Z3 = W3*A2;
A3 = 1./(1.+exp(-Z3));
C = 0.5.*(Y - A3).*(Y - A3);