Y = [0.10 0.24]';
W10 = [0.01:0.05:0.16;...
           0.02:0.05:0.17;...
           0.03:0.05:0.18;...
           0.04:0.05:0.19;...
           0.05:0.05:0.20];
A0 = [4 3 2 1]';
W20 = [0.21:0.01:0.25;...
           0.16:0.01:0.20;...
           0.11:0.01:0.15;...
           0.06:0.01:0.10;...
           0.01:0.01:0.05];
W30 =  [0.16:0.01:0.20;...
           0.21:0.01:0.25];
Z1 = W10*A0;
A1 = 1./(1.+exp(-Z1));
Z2 = W20*A1;
A2 = 1./(1.+exp(-Z2));
Z3 = W30*A2;
A3 = 1./(1.+exp(-Z3));
C = 0.5.*(Y - A3).*(Y - A3);
DW3 = (A3-Y).*(A3).*(1-A3)*A2';
W3 = W30 - DW3;
DA3 = A3-Y;
DA2 = (DA3.*A3.*(1-A3))'*W3;
DA2 = DA2';
DW2 = DA2.*A2.*(1-A2)*A1';
W2 = W20 - DW2;
DA1 = (DA2.*A2.*(1-A2))'*W2;
DA1 = DA1';
DW1 = DA1.*A1.*(1-A1)*A0';
W1 = W10 - DW1;

Z11 = W1*A0;
A11 = 1./(1.+exp(-Z11));
Z21 = W2*A11;
A21 = 1./(1.+exp(-Z21));
Z31 = W3*A21;
A31 = 1./(1.+exp(-Z31));
C1 = 0.5.*(Y - A31).*(Y - A31);